2 0 400 950 185 white
2 0 110 950 340 greenyellow
0 950 450 0 450
0 950 110 0 110
0 950 290 0 290
1 240 240 400 100
1 360 270 160 40
1 420 282 40 15
3 420 282 40 15 white
3 180 10 40 40 white
3 185 10 40 40 blue
3 500 10 10 5 white
3 300 30 10 5 white
3 50 40 10 5 white
3 150 80 10 5 white
3 600 80 10 5 white
3 400 80 10 5 white
3 800 20 10 5 white
2 10 200 50 150 pink
3 15 210 5 10 black
3 15 220 5 10 black
3 15 230 5 10 black
3 15 240 5 10 black
3 15 250 5 10 black
3 15 260 5 10 black
3 15 270 5 10 black
3 15 280 5 10 black
3 15 290 5 10 black
3 15 300 5 10 black
3 15 310 5 10 black
3 15 320 5 10 black
3 15 330 5 10 black
3 30 210 5 10 black
3 30 220 5 10 black
3 30 230 5 10 black
3 30 240 5 10 black
3 30 250 5 10 black
3 30 260 5 10 black
3 30 270 5 10 black
3 30 280 5 10 black
3 30 290 5 10 black
3 30 300 5 10 black
3 30 310 5 10 black
3 30 320 5 10 black
3 30 330 5 10 black
3 45 210 5 10 black
3 45 220 5 10 black
3 45 230 5 10 black
3 45 240 5 10 black
3 45 250 5 10 black
3 45 260 5 10 black
3 45 270 5 10 black
3 45 280 5 10 black
3 45 290 5 10 black
3 45 300 5 10 black
3 45 310 5 10 black
3 45 320 5 10 black
3 45 330 5 10 black
2 880 200 50 150 pink
3 885 210 5 10 black
3 885 220 5 10 black
3 885 230 5 10 black
3 885 240 5 10 black
3 885 250 5 10 black
3 885 260 5 10 black
3 885 270 5 10 black
3 885 280 5 10 black
3 885 290 5 10 black
3 885 300 5 10 black
3 885 310 5 10 black
3 885 320 5 10 black
3 885 330 5 10 black
3 900 210 5 10 black
3 900 220 5 10 black
3 900 230 5 10 black
3 900 240 5 10 black
3 900 250 5 10 black
3 900 260 5 10 black
3 900 270 5 10 black
3 900 280 5 10 black
3 900 290 5 10 black
3 900 300 5 10 black
3 900 310 5 10 black
3 900 320 5 10 black
3 900 330 5 10 black
3 915 210 5 10 black
3 915 220 5 10 black
3 915 230 5 10 black
3 915 240 5 10 black
3 915 250 5 10 black
3 915 260 5 10 black
3 915 270 5 10 black
3 915 280 5 10 black
3 915 290 5 10 black
3 915 300 5 10 black
3 915 310 5 10 black
3 915 320 5 10 black
3 915 330 5 10 black
2 400 40 150 80 honeydew
2 300 300 30 150 white
2 580 300 20 150 white
2 300 300 280 30 white
